1	1644
2	1744
3	2187
4	2528
5	2705
6	3180
7	3598
8	3696
9	3690
10	3860
11	4059
12	4380
13	4641
14	3920
15	3945
16	3968
17	3604
18	3474
19	3458
20	3620
21	3738
22	3740
23	3519
24	3624
25	3700
26	3770
27	3888
28	3808
29	3886
30	3900
31	3968
32	3840
33	3861
34	3672
35	3605
36	3672
37	3700
38.5	3696
40.5	3807
42	3780
43.5	3828
45.5	3867.5
48.5	4025.5
51	4131
52	4160
53	4187
54.5	4196.5
56	4200
57	4218
58	4234
59	4189
61	4148
63.5	4254.5
65.5	4126.5
67	4154
69	4209
71	4260
72	4248
74	4292
77.5	4417.5
80.5	4508
83	4565
85	4590
86	4558
87.5	4550
91	4641
94.5	4725
97.5	4777.5
100.5	4824
102	4794
103.5	4761
106	4770
108	4752
110	4730
112.5	4612.5
116.5	4660
122	4758
125.5	4769
127	4572
128.5	4497.5
132	4488
136	4488
140	4480
144.5	4479.5
149.5	4485
155.5	4509.5
160	4480
165	4455
170.5	4433
175.5	4387.5
181.5	4356
186.5	4289.5
190.5	4191
196	4116
201.5	4030
207.5	3942.5
216.5	3897
225.5	3833.5
234	3744
246	3690
265.5	3717
291.5	3789.5
315.5	3786
338.5	3723.5
370	3700
405	3645
449	3592
510	3570
573.5	3441
650.5	3252.5
772	3088
963	2889
1283.5	2567
2060	2060
